Measure  P
CRISP ,0.55,0.585,0.5357142857142856,0.5478571428571428,0.54,0.58,0.5028571428571429,0.565,0.54,0.5528571428571428
FUZZY ,1.0,1.0,1.0,1.0,1.0,1.0,1.0,1.0,1.0,1.0
Measure  R
CRISP ,1.0,1.0,1.0,1.0,1.0,1.0,1.0,1.0,1.0,1.0
FUZZY ,1.0,1.0,1.0,1.0,1.0,1.0,1.0,1.0,1.0,1.0
Measure  F
CRISP ,0.7083333333333333,0.7357142857142858,0.695,0.7040476190476191,0.7,0.7333333333333333,0.6683333333333334,0.719047619047619,0.7000000000000001,0.7100000000000001
FUZZY ,1.0,1.0,1.0,1.0,1.0,1.0,1.0,1.0,1.0,1.0
Measure  E
CRISP ,10.869565217391305,9.565217391304348,11.739130434782608,11.304347826086957,11.304347826086957,9.565217391304348,13.043478260869563,10.434782608695652,11.304347826086957,10.869565217391305
FUZZY ,0.0,0.0,0.0,0.0,0.0,0.0,0.0,0.0,0.0,0.0
Measure  AUC
CRISP ,1.0,1.0,1.0,1.0,1.0,1.0,1.0,1.0,1.0,1.0
FUZZY ,1.0,1.0,1.0,1.0,1.0,1.0,1.0,1.0,1.0,1.0
