Measure  P
CRISP ,0.02632969960713863,0.026296462743831163,0.022864783169661215,0.025347036332273816,0.02583198855021705,0.02291561063383913,0.026852835811076926,0.0260036285670583,0.026028405697853706,0.02628966906325699
FUZZY ,0.03052590831053829,0.027047576606400135,0.030436781750823493,0.03131764069264069,0.03174598725120546,0.030198847054871726,0.030905774333193692,0.030089983940790394,0.030514168197991732,0.03091908170892991
Measure  R
CRISP ,1.0,1.0,0.9,1.0,1.0,0.9,1.0,1.0,1.0,1.0
FUZZY ,1.0,0.9,1.0,1.0,1.0,1.0,1.0,1.0,1.0,1.0
Measure  F
CRISP ,0.05130043327090824,0.0512428805817766,0.0445942311282491,0.049439428778324794,0.05036012969902572,0.04469156639888347,0.05228239881641679,0.05068420739152446,0.05072987669113924,0.051226381662838646
FUZZY ,0.059241257108904155,0.0525143095731331,0.05907318988201341,0.06072899379187412,0.06153233418961679,0.05862301698989005,0.059956179441473564,0.05841874628639334,0.05921468180831009,0.059980388049648024
Measure  E
CRISP ,90.73170731707316,90.48780487804878,94.39024390243901,93.90243902439025,92.1951219512195,93.17073170731709,89.51219512195121,91.70731707317074,91.70731707317074,90.73170731707317
FUZZY ,77.5609756097561,78.04878048780488,77.80487804878048,75.60975609756098,74.6341463414634,78.53658536585365,76.58536585365853,78.78048780487805,77.8048780487805,76.58536585365854
Measure  AUC
CRISP ,0.42375000000000007,0.30750000000000005,0.27125000000000005,0.2975,0.33125,0.30999999999999994,0.3137499999999999,0.4262499999999999,0.4074999999999999,0.32625000000000004
FUZZY ,0.7125000000000001,0.6625,0.6224999999999999,0.735,0.7675,0.6724999999999999,0.7325,0.7050000000000001,0.7150000000000001,0.6575000000000001
