Measure  P
CRISP ,0.5417449204375855,0.5645828836210713,0.551179286306555,0.5481879347913503,0.5553968410065763,0.5500846043746652,0.5467778355278355,0.5766693722943723,0.5186283038903313,0.5628652969829441
FUZZY ,0.43503941495795884,0.4389441722287728,0.43159562378966915,0.43260774933990964,0.43259767794175497,0.4317661251844644,0.43387997675299905,0.4276286196773823,0.4312672976890009,0.4391771929456942
Measure  R
CRISP ,0.2813559322033899,0.3220338983050847,0.29152542372881357,0.3016949152542373,0.2966101694915254,0.3016949152542373,0.2966101694915254,0.3050847457627119,0.2677966101694915,0.3186440677966102
FUZZY ,0.8694915254237289,0.8779661016949154,0.8440677966101695,0.8610169491525423,0.8542372881355933,0.8355932203389831,0.8728813559322035,0.8491525423728813,0.8491525423728813,0.8644067796610171
Measure  F
CRISP ,0.3697809984356503,0.40953994330256993,0.38004809603094303,0.3876891732468847,0.3851073183192045,0.38845889224510194,0.3830211886264452,0.3988322112557747,0.35178990073210764,0.4057120667879522
FUZZY ,0.5797784790387691,0.5849683895975806,0.570523464165487,0.5756400071186165,0.5740380655885133,0.5688869449394444,0.5793106795213481,0.5686468810772156,0.5718549682783318,0.5818760767754905
Measure  E
CRISP ,36.62337662337663,35.58441558441559,36.168831168831176,36.23376623376623,36.103896103896105,36.168831168831176,36.2987012987013,35.1948051948052,37.46753246753247,35.58441558441559
FUZZY ,48.246753246753244,47.72727272727273,48.63636363636364,48.63636363636363,48.57142857142857,48.506493506493506,48.57142857142857,49.35064935064935,48.701298701298704,47.59740259740259
Measure  AUC
CRISP ,0.6726851025869759,0.6639696699375557,0.6654148082069582,0.674834968777877,0.668456735057984,0.6702408563782337,0.6705173951828725,0.6763068688670829,0.6617216770740411,0.6726404995539698
FUZZY ,0.7146297948260483,0.7137198929527208,0.7041391614629796,0.7109901873327386,0.6932203389830508,0.7022479928635147,0.7057448706512044,0.6971989295272079,0.7065298840321143,0.7038358608385371
