Measure  P
CRISP ,0.3233333333333333,0.3070454545454545,0.3096753246753246,0.29454545454545455,0.31596320346320345,0.30740259740259734,0.30679653679653673,0.2947348484848485,0.30000000000000004,0.33204545454545453
FUZZY ,1.0,1.0,1.0,1.0,1.0,1.0,1.0,1.0,1.0,1.0
Measure  R
CRISP ,1.0,1.0,1.0,1.0,1.0,1.0,1.0,1.0,1.0,1.0
FUZZY ,1.0,1.0,1.0,1.0,1.0,1.0,1.0,1.0,1.0,1.0
Measure  F
CRISP ,0.48755244755244753,0.4687212787212787,0.47087912087912087,0.45417582417582414,0.47817182817182824,0.46802197802197804,0.4674725274725275,0.4531573689468426,0.4607692307692308,0.4953879453879454
FUZZY ,1.0,1.0,1.0,1.0,1.0,1.0,1.0,1.0,1.0,1.0
Measure  E
CRISP ,27.82608695652174,30.0,29.999999999999993,31.739130434782606,29.13043478260869,30.434782608695645,30.43478260869565,32.608695652173914,30.869565217391305,27.391304347826086
FUZZY ,0.0,0.0,0.0,0.0,0.0,0.0,0.0,0.0,0.0,0.0
Measure  AUC
CRISP ,1.0,1.0,1.0,1.0,1.0,1.0,1.0,1.0,1.0,1.0
FUZZY ,1.0,1.0,1.0,1.0,1.0,1.0,1.0,1.0,1.0,1.0
