Measure  P
CRISP ,0.05977609796019021,0.05790290166739594,0.06017912360642984,0.05706382425860399,0.05501046475146286,0.05609544973569491,0.06043833685694151,0.056119575460000994,0.05803530319834473,0.05765780293157915
FUZZY ,0.3187121212121212,0.32369047619047614,0.31204545454545446,0.32749999999999996,0.3053787878787878,0.3214393939393939,0.3195454545454545,0.30227272727272725,0.30999999999999994,0.3039393939393939
Measure  R
CRISP ,1.0,1.0,1.0,1.0,1.0,1.0,1.0,1.0,1.0,1.0
FUZZY ,1.0,1.0,1.0,1.0,1.0,1.0,1.0,1.0,1.0,1.0
Measure  F
CRISP ,0.11275918131680802,0.10942414921748071,0.11336397946366863,0.10789732458053372,0.10421497473346156,0.10617029037596863,0.11386839940800644,0.10618878228195423,0.10964734311378746,0.10894344999880248
FUZZY ,0.4825674325674326,0.4876223776223777,0.47487512487512495,0.493006993006993,0.4671828171828172,0.484955044955045,0.48326673326673325,0.46362637362637366,0.4730769230769232,0.46593406593406594
Measure  E
CRISP ,23.564356435643564,24.356435643564357,23.86138613861386,24.900990099009903,25.891089108910887,25.2970297029703,23.663366336633665,25.44554455445545,24.405940594059405,24.653465346534652
FUZZY ,3.2178217821782176,3.1683168316831685,3.316831683168317,3.0693069306930694,3.4158415841584158,3.2178217821782176,3.2178217821782176,3.4653465346534653,3.316831683168317,3.4158415841584158
Measure  AUC
CRISP ,0.9906197654941373,0.992294807370184,0.9867671691792295,0.9912060301507537,0.9903685092127302,0.9910385259631489,0.9922948073701843,0.9921273031825795,0.9917085427135678,0.9899497487437185
FUZZY ,0.9989949748743718,0.9983249581239532,0.9979899497487438,0.9979899497487438,0.9973199329983249,0.9984924623115576,0.9984924623115576,0.9989949748743718,0.9976549413735343,0.9989949748743718
